phase: f03_windows
variant: v3_0005
artifacts:
  dataset:
    path: 03_windows.parquet
    sha256: 77e030a8f357f8d5a178537d8a2523d6458223ebaa3a107718d0be6a8d222749
  report:
    path: 03_windows_report.html
    sha256: a376f4d07d23990ca3edcc1c45a5e126f0892064d5cebac92ca04dbd3b9ec518
exports:
  Tu: 10
  OW: 50
  LT: 10
  PW: 10
  Ratio_PW_OW: 0.2
  window_strategy: synchro
  nan_mode: discard
  parent_f02: v2_0005
  n_windows: 3881762
  n_unique_ow_hash: 3021403
  n_unique_pw_hash: 276022
  dup_ratio_ow: 0.22164135771332705
  dup_ratio_pw: 0.9288926008343634
  seq_len_mean_ow: 49.990223511900005
  seq_len_mean_pw: 9.998044702380001
  seq_len_std_ow: 0.6088534527400207
  seq_len_std_pw: 0.13643317291333962
metrics:
  execution_time: 28.972965746
  n_rows_in: 3887242
  n_windows_out: 3881762
provenance:
  generated_at: '2026-06-20T12:20:45.438114+00:00'
