phase: f03_windows
variant: v3_0007
artifacts:
  dataset:
    path: 03_windows.parquet
    sha256: 12bc052f813ff231c6e1bfeeeb9ab033ed0e95a5bae70307b030b5366566e2b8
  report:
    path: 03_windows_report.html
    sha256: 2998f6795093b0e07a2d15514a6e4b92c783e2210039324323ed0404828a4e2a
exports:
  Tu: 10
  OW: 50
  LT: 10
  PW: 10
  Ratio_PW_OW: 0.2
  window_strategy: synchro
  nan_mode: discard
  parent_f02: v2_0007
  n_windows: 3882329
  n_unique_ow_hash: 881138
  n_unique_pw_hash: 26878
  dup_ratio_ow: 0.7730388125272227
  dup_ratio_pw: 0.9930768360950347
  seq_len_mean_ow: 49.99022493972046
  seq_len_mean_pw: 9.998044987944093
  seq_len_std_ow: 0.6088090021653543
  seq_len_std_pw: 0.13642321181187952
metrics:
  execution_time: 28.122004439999998
  n_rows_in: 3887242
  n_windows_out: 3882329
provenance:
  generated_at: '2026-06-22T22:33:07.761603+00:00'
