phase: f02_events
variant: v2_0004
artifacts:
  series:
    path: 02_series.parquet
    sha256: 31c02f0067da10d540da9ae884e9ddcb3b2e5d09e0a72ab7fbdbe6680c9d9a4b
  stats:
    path: 02_series_stats.json
    sha256: 8bcaecbd32d40092009c45af736db4de72013f7ed98bdae817f61c5df92aba9d
  report:
    path: 02_series_report.html
    sha256: f2a19c30989b81fb658a4bd49c71499a997dccc1be9fb0817bd7b3bbc5120397
exports:
  Tu: 10
  measure_name: MG-LV-MSB_AC_Voltage
  epoch_col: segs
  value_col: value
  n_rows: 3887242
  n_non_nan: 3884658
  nan_ratio: 0.0006647386501792273
metrics:
  execution_time: 1.6765610740000056
  n_rows: 3887242
  n_non_nan: 3884658
  n_nan: 2584
  nan_ratio: 0.0006647386501792273
  non_nan_ratio: 0.9993352613498208
  min: 399.0
  max: 497.0
  mean: 484.1666519935603
  median: 484.0
  std: 3.8307754196843655
  q05: 478.0
  q95: 490.0
  positive_ratio: 1.0
  negative_ratio: 0.0
  zero_ratio: 0.0
  consecutive_ratio: 0.9999971702294764
  broken_ratio: 2.829770523618165e-06
provenance:
  generated_at: '2026-06-20T12:17:43.705915+00:00'
